-1199.968750 1507.968750 -75.968750 0.000000 331.369628 0.000000
-2168.994384 1257.252197 39.827804 0.000000 358.483886 0.000000
-1564.159790 1743.736816 2.942821 0.000000 95.630493 0.000000
-1461.098144 2784.475097 11.194934 0.000000 267.280883 0.000000
-2065.891113 3101.863525 34.808494 0.000000 272.675170 0.000000
-819.035522 2073.695800 -98.979896 0.000000 2.142333 0.000000
140.188522 2510.595458 -118.885513 0.000000 268.472900 0.000000
1787.968750 1812.001342 1.861707 0.000000 169.590454 0.000000
1219.478149 2560.000732 97.440963 0.000000 185.471191 0.000000
409.968750 1365.031250 0.243618 0.000000 182.548828 0.000000
-621.848754 627.968750 8.158592 0.000000 341.449584 0.000000
-1056.306274 -275.310333 130.031250 0.000000 232.635498 0.000000
-1978.401611 -970.953918 129.031250 0.000000 80.744018 0.000000
-874.031250 1344.001220 -108.882957 0.000000 87.429199 0.000000
-275.031250 1495.431762 -124.649475 0.000000 189.206542 0.000000
-276.031250 1744.031250 -100.112152 0.000000 206.317749 0.000000
1337.012451 301.487060 -167.746276 0.000000 89.093627 0.000000
538.229614 884.634216 3.060176 0.000000 343.042602 0.000000
677.070007 188.882995 0.026607 0.000000 223.643188 0.000000
